CACHE type 5 produced by analog 6.0/Unix. Do not modify or delete!
T	0	0	11409	2189	225	1872	87115689
D	29597937	29616760
20554	35	16	6	13887
20554	37	11	7	7903
20554	41	1	1	1372
20554	44	5	3	4142
20554	47	1	1	699
20554	50	1	1	561
20554	60	1	1	561
20554	61	2	2	1398
20554	72	1	1	699
20554	74	1	1	0
20554	81	5	1	4523
20554	84	1	1	0
20554	91	10	2	9046
20554	97	10	2	9046
20554	142	5	1	4523
20554	157	6	2	5084
20554	172	1	1	561
20554	185	78	2	1388618
20554	186	120	6	2102085
20554	187	1	1	6702
20554	189	73	0	939837
20554	192	1	0	6861
20554	193	10	1	130694
20554	194	9	3	60299
20554	195	2	0	11528
20554	196	2	0	13466
20554	206	45	2	749964
20554	232	1	1	8174
20554	242	2	1	13721
20554	274	42	1	708256
20554	284	5	0	27943
20555	3	22	22	719136
20555	62	1	1	8113
20555	81	39	1	694480
20555	84	1	1	0
20555	96	1	1	8110
20555	101	39	1	694429
20555	172	4	0	182208
20555	189	2	1	10349
20555	224	1	0	6920
20555	265	3	1	21303
20555	269	3	2	46196
20555	270	40	0	711166
20555	274	46	1	718633
20555	275	2	0	11396
20555	284	3	0	16352
20556	21	52	2	752691
20556	141	1	1	6833
20556	252	48	1	738507
20556	267	8	3	74357
20556	275	1	1	6800
20557	5	14	2	138140
20557	6	181	1	2944475
20557	35	4	1	74736
20557	36	2	0	9512
20557	191	2	1	10391
20558	62	1	1	8152
20558	84	1	1	0
20558	96	1	1	8166
20559	218	1	1	33222
20559	269	48	1	819063
20559	273	3	0	18623
20560	61	14	2	297652
20560	84	1	1	0
20560	173	26	2	452972
20560	176	10	0	80307
20560	177	2	0	15529
20561	61	1	1	0
20561	96	1	1	8154
20561	165	42	1	708323
20561	261	1	1	8239
20562	237	8	2	6876243
20562	240	2	2	0
20562	241	2	2	28
20562	272	26	11	17157
20562	273	34	10	25946
20562	274	19	7	18392
20562	275	18	6	18526
20562	276	54	30	60148
20562	277	8	2	8893
20562	278	17	8	21205
20562	279	30	9	35704
20562	280	22	7	24297
20562	282	10	2	10047
20562	283	31	6	69110
20562	284	64	10	155144
20562	285	41	6	108631
20562	286	43	8	115059
20562	287	31	5	90267
20563	0	21	3	65282
20563	10	6	3	22719
20563	30	1	1	2508
20563	31	99	21	315950
20563	32	105	15	344124
20563	33	31	4	93581
20563	34	45	6	138941
20563	35	29	5	77070
20563	36	2	1	5314
20563	85	1	1	0
20563	125	1	1	3922
20563	127	5	3	12131
20563	195	2	1	3434
20563	226	1	1	23
20563	228	27	27	14472
20563	229	112	13	124096
20563	230	97	0	107476
20563	231	98	0	108584
20563	232	97	0	107476
20563	233	97	0	107476
20563	234	97	0	107476
20563	235	97	0	107476
20563	236	92	0	101672
20563	237	106	36	118355
20563	238	113	44	107589
20563	239	118	47	65867
20563	240	115	51	68384
20563	241	126	41	75961
20563	242	63	1	38242
20563	243	78	53	50673
20563	244	124	51	72505
20563	245	49	10	31152
20563	246	148	70	98012
20563	247	78	0	54483
20563	248	91	0	61688
20563	249	77	0	52575
20563	250	77	0	52575
20563	251	76	0	52575
20563	252	77	0	52575
20563	253	76	0	52575
20563	254	75	0	51874
20563	255	76	0	52575
20563	256	77	0	53276
20563	257	80	1	55611
20563	258	47	1	32725
20563	259	95	12	69823
20563	260	50	10	29995
20563	261	15	5	8029
20563	262	16	4	10057
20563	263	22	2	15719
20563	277	1	1	31
20563	280	1	1	18
20563	281	8	5	3087
20563	282	12	5	8171
20563	287	20	7	13684
20564	0	122	61	90587
20564	1	16	14	13710
20564	8	80	49	62560
20564	9	212	90	156552
20564	10	56	30	39170
20564	11	153	83	117556
20564	12	11	7	8724
20564	19	5	4	3560
20564	23	5	2	3027
20564	55	3	2	1780
20564	56	51	19	36876
20564	57	48	30	38948
20564	58	11	5	9558
20564	59	102	38	100891
20564	60	32	20	34966
20564	61	23	15	26036
20564	62	16	8	17385
20564	63	60	17	54902
20564	64	49	17	48351
20564	65	45	4	42392
20564	66	29	2	28176
20564	67	34	3	36764
20564	68	8	2	8907
20564	69	6	2	6870
20564	78	14	7	15770
20564	79	12	8	14503
20564	80	46	12	52222
20564	81	23	4	25406
20564	82	53	5	60854
20564	83	72	4	86738
20564	84	16	0	18283
20564	88	21	0	26445
20564	91	7	0	11683
20564	92	20	0	33284
20564	93	62	0	3147651
20564	94	22	0	3554220
20564	95	15	0	3035966
20564	96	13	0	1022291
20564	97	5	0	1012311
20564	98	28	1	4059033
20564	100	5	0	1012480
20564	101	28	0	5065072
20564	102	35	2	609693
20564	103	13	1	1709742
20564	104	14	1	19064
20564	106	6	0	8447
20564	108	15	0	17468
20564	109	13	1	16826
20564	110	12	0	14815
20564	111	3	0	3804
20564	112	7	0	8629
20564	113	11	2	12485
20564	114	7	2	7188
20564	116	11	1	11873
20564	117	3	2	3711
20564	118	17	1	22978
20564	119	3	3	3700
20564	120	6	3	8823
20564	121	6	0	9011
20564	122	23	0	39586
20564	123	17	0	26871
20564	124	10	0	16758
20564	125	9	0	14420
20564	132	7	1	8145
20564	133	1	1	1239
20564	134	10	2	16856
20564	135	52	0	108358
20564	136	12	0	21870
20564	137	12	0	20189
20564	138	18	0	1035549
20564	139	15	0	2036474
20564	140	11	0	2027943
20564	154	66	1	3136617
20564	156	11	0	23076
20564	157	3	0	6632
20564	158	21	2	40746
20564	159	47	0	1219896
20564	160	4	0	7595
20564	161	2	0	3774
20564	162	19	3	34559
20564	163	4	1	6130
20564	164	6	0	12634
20564	165	4	1	6920
20564	166	9	3	14717
20564	169	16	6	23076
20564	170	26	4	31206
20564	171	43	11	43684
20564	172	22	4	41184
20564	173	9	0	17121
20565	16	2	1	1239
20565	17	2	1	2275
20565	21	28	4	49481
20565	22	57	13	83814
20565	29	59	8	120164
20565	30	54	13	105670
20565	31	16	0	33907
20565	32	48	0	106526
20565	33	26	1	54864
20565	34	59	2	138927
20565	36	14	2	27996
20565	37	34	4	78216
20565	39	19	2	44113
20565	40	5	1	8837
20565	42	7	0	20338
20565	43	7	0	20382
20565	44	27	1	73611
20565	45	27	5	67468
20565	46	5	0	14536
20565	47	9	0	20252
20565	48	13	1	42411
20565	49	4	2	6347
20565	50	7	3	18561
20565	140	7	2	14750
20565	141	20	0	66073
20565	143	40	1	125386
20565	144	45	2	125078
20565	145	18	1	53816
20565	146	7	0	22033
20565	148	7	0	22271
20565	149	7	0	22567
20565	152	7	0	22674
20565	153	7	0	23237
20565	154	21	0	72571
20565	156	21	0	73484
20565	157	24	2	69961
20565	158	14	1	37229
20565	159	8	0	26632
20565	160	32	0	106705
20565	162	24	0	80394
20565	163	16	0	53639
20565	164	43	1	140419
20565	165	19	0	61119
20565	166	7	0	19825
20565	168	8	0	26967
20565	169	35	4	100162
20565	170	17	0	62337
20565	171	29	4	87518
20565	175	79	0	285493
20565	176	18	2	73075
20565	177	19	3	64412
20566	2	2	1	1237
20566	3	4	1	3887
20566	32	14	6	3660
20566	42	1	0	362
20566	128	12	2	6643
20566	129	20	4	162724
20566	130	12	2	161816
20566	131	38	8	408217
20566	132	67	8	343310
20566	133	34	7	329095
20566	134	44	0	572181
20566	135	7	0	82783
20566	136	16	0	166496
20566	137	6	0	82354
20566	139	8	3	83409
20566	142	12	2	164888
20566	143	17	7	169718
20566	144	44	10	501389
20566	145	47	16	426265
20566	146	4	3	2976
20566	147	13	3	166797
20566	148	3	3	2984
20566	149	11	5	85862
20566	151	28	6	334802
20566	152	18	7	169380
20566	153	7	5	5704
20566	154	14	4	15408
20566	155	6	2	2262
20566	160	17	3	176592
20566	161	6	1	84342
20566	162	26	4	339087
20566	163	12	0	169408
20566	164	18	0	254546
20566	165	6	0	85173
20566	166	9	0	92508
20566	167	18	0	185076
20566	168	19	1	110949
20566	169	45	0	463769
20566	170	9	0	92844
20566	172	12	0	96566
20566	173	36	0	289729
20566	174	24	0	193852
20566	176	14	2	97756
20566	179	28	2	205069
20566	180	40	6	239120
20566	181	91	23	382300
20567	1	26	6	111500
20567	2	48	16	134508
20567	6	94	24	394809
20567	7	118	32	464102
20567	9	25	4	277408
20567	11	1	0	2342
20567	18	6	6	1404
20567	19	204	24	1346598
20567	20	100	15	601806
20567	21	35	8	162890
20567	22	15	2	110238
20567	23	122	15	797040
20567	24	48	11	343144
20567	25	68	7	517038
20567	26	54	6	348284
20567	27	15	1	106965
20567	28	16	2	113376
20567	29	121	37	422893
20567	30	38	26	173533
20567	31	26	14	139066
20567	32	50	14	337379
20567	33	86	48	339958
20567	34	61	43	238686
20567	35	55	4	341300
20567	36	88	20	500939
20567	37	22	5	125523
20567	38	37	3	229779
20567	39	40	6	232059
20567	40	24	7	129993
20567	41	19	3	117600
20567	42	75	27	408338
20567	43	20	8	121455
20567	44	16	3	106407
20567	49	2	2	388
20567	50	58	12	429940
20567	51	106	23	693911
20567	52	51	14	348527
20567	53	19	8	120837
20567	55	38	5	315760
20567	56	13	2	106118
1	0	0	0	1	0	0	29611345	0	0	29611345	0	/.env.local
1	1	0	0	0	29602111	0	0	29602111	0	0	1823	/img/input-data-input-captcha-bg.jpg
1	1	0	0	0	29602112	0	0	29602112	0	0	2285	/img/input-bg-2.gif
1	1	0	0	0	29602110	0	0	29602110	0	0	0	/include/captcha/simple-php-captcha.php?_CAPTCHA&t=0.92413500+1776029430
1	1	0	0	0	29602112	0	0	29602112	0	0	655	/img/video-border-bg-bottom.gif
1	17	0	0	0	29608668	0	0	29598688	0	0	56049	/img/modul-box-top.jpg
1	1	0	0	0	29602112	0	0	29602112	0	0	30628	/img/characterclasses-shaman-bg.jpg
1	1	0	0	0	29602110	0	0	29602110	0	0	7317	/ranking/players/1
1	0	0	0	5	0	0	29613902	0	0	29601255	0	/robots.txt?91.231.89.16
1	1	0	0	0	29602112	0	0	29602112	0	0	3289	/img/rank-td-first-1.jpg
1	1	0	0	0	29602112	0	0	29602112	0	0	30291	/img/characterclasses-knight-bg.jpg
1	2	0	0	0	29612778	0	0	29612776	0	0	2628	/itemshop/product?slug=pergament-binecuvantat
1	26	0	0	1	29615884	0	29610898	29612478	0	29610898	19628	/ranking
1	17	0	0	0	29608668	0	0	29598688	0	0	8075	/css/reset.css
1	1	0	0	0	29602112	0	0	29602112	0	0	5970	/img/aboutbox-foot-bg.jpg
1	186	0	0	0	29616760	0	0	29615687	0	0	4912726	/assets/font/Bender-Black.otf
1	0	0	19	1	0	29614393	29612940	0	29612940	29612940	0	/account/marketplace/list-test
1	0	0	0	1	0	0	29611346	0	0	29611346	0	/.env.save
1	0	0	0	1	0	0	29598868	0	0	29598868	0	/_ignition/execute-solution
1	1	0	0	0	29602112	0	0	29602112	0	0	1085	/img/shadow-line.png
1	5	5	0	0	29612439	0	0	29603037	0	0	23982	/?91.231.89.16
1	72	0	0	16	29615884	0	29612482	29598707	0	29598690	162703	/download
1	2	2	0	0	29615786	0	0	29615785	0	0	961	/?test_mail=1
1	16	0	0	0	29608668	0	0	29598689	0	0	33200	/images/empire/1.jpg
1	258	0	0	69	29616700	0	29614488	29615935	0	29614400	704261	/assets/img/item/50802.png
1	7	7	0	0	29616730	0	0	29616699	0	0	12655	/?fleamarket_open=1&fleamarket_notice=withdraw_success
1	0	0	0	1	0	0	29611345	0	0	29611345	0	/.env.old
1	1	0	0	0	29602107	0	0	29602107	0	0	7208	/users/lost
1	17	0	0	0	29608668	0	0	29598688	0	0	10778	/css/bootstrap-table.css
1	1	0	0	0	29602111	0	0	29602111	0	0	6477	/img/download-button-1_h.jpg
1	1	0	0	0	29602111	0	0	29602111	0	0	2716	/img/two-boxes-top.jpg
1	0	0	0	2	0	0	29597984	0	0	29597938	0	/%3FSA
1	0	0	0	1	0	0	29601977	0	0	29601977	0	/#collapseRanking
1	1	0	0	0	29602112	0	0	29602112	0	0	1760	/img/rank-td-2-2-bg.jpg
1	0	0	0	2	0	0	29611345	0	0	29599215	0	/.env
1	0	0	0	1	0	0	29611346	0	0	29611346	0	/core/.env
1	1	0	0	0	29612708	0	0	29612708	0	0	1202	/verify-register?token=0bcaee19293ecc96e7dcd4c1575e13837288d7e623256edfc36099633ee0191f
1	0	0	0	1	0	0	29611346	0	0	29611346	0	/shared/.env
1	2	2	1	0	29616744	29616744	0	29616743	29616744	0	5889	/?selected_depot_item=33
1	1	0	0	0	29602112	0	0	29602112	0	0	2511	/img/rank-td-last-2.jpg
1	16	0	0	0	29611910	0	0	29611909	0	0	17792	/register?lang=ro
1	17	0	0	0	29608668	0	0	29598688	0	0	2283304	/img/footer-bg.png
1	4	4	1	0	29616744	29616744	0	29616743	29616744	0	11628	/?selected_depot_item=32
1	6	0	0	0	29613842	0	0	29613823	0	0	14472	/assets/img/item/30179.png
1	2	2	1	0	29616744	29616744	0	29616743	29616744	0	6144	/?selected_depot_item=31
1	1	0	0	0	29602111	0	0	29602111	0	0	7291	/img/download-button-2_h.jpg
1	3	3	1	0	29616738	29616738	0	29616732	29616738	0	9061	/?selected_depot_item=29
1	11	11	0	0	29616745	0	0	29616732	0	0	32163	/?selected_depot_item=30
1	0	0	0	140	0	0	29614489	0	0	29613797	0	/assets/img/item/50814.png
1	2	0	1	0	29607266	29607266	0	29607266	29607266	0	13842	/admin/functions
1	4	4	0	0	29616735	0	0	29616735	0	0	9335	/?selected_depot_item=28
1	17	0	0	0	29608668	0	0	29598688	0	0	60350	/img/modul-box-bg.jpg
1	0	0	0	1	0	0	29601977	0	0	29601977	0	/https:/luramt2-beta.mt-2.ro/download
1	2	2	1	0	29616738	29616738	0	29616732	29616738	0	6082	/?selected_depot_item=27
1	1	1	1	0	29616738	29616738	0	29616738	29616738	0	2839	/?selected_depot_item=26
1	3	3	1	0	29616737	29616737	0	29616736	29616737	0	9272	/?selected_depot_item=25
1	9	9	0	0	29616691	0	0	29616651	0	0	27846	/?selected_depot_item=24
1	12	12	0	0	29616692	0	0	29616651	0	0	36471	/?selected_depot_item=23
1	12	12	0	0	29616692	0	0	29616648	0	0	37498	/?selected_depot_item=22
1	8	8	0	0	29616675	0	0	29616651	0	0	25278	/?selected_depot_item=21
1	10	10	0	0	29616692	0	0	29616651	0	0	31397	/?selected_depot_item=20
1	32	32	0	0	29616680	0	0	29616611	0	0	97246	/?selected_depot_item=19
1	112	112	0	0	29616736	0	0	29616517	0	0	315740	/?selected_depot_item=18
1	69	69	1	0	29616699	29616699	0	29616517	29616699	0	194092	/?selected_depot_item=17
1	67	67	1	0	29616695	29616695	0	29615944	29616695	0	194519	/?selected_depot_item=16
1	81	81	1	0	29616695	29616695	0	29615944	29616695	0	225595	/?selected_depot_item=15
1	17	0	0	0	29608668	0	0	29598688	0	0	1420656	/img/container-bg.jpg
1	60	60	1	0	29616700	29616700	0	29615946	29616700	0	171873	/?selected_depot_item=14
1	194	0	40	2	29615056	29614488	29612492	29611865	29612020	29610900	169395	/login
1	17	0	0	0	29608668	0	0	29598688	0	0	302702	/img/footer-box.jpg
1	1	0	0	0	29602111	0	0	29602111	0	0	28505	/img/download-button-1_megaupload.jpg
1	25	0	0	12	29612933	0	29612630	29612630	0	29612625	12428223	/assets/img/characters/assassin_female.png
1	0	0	0	1	0	0	29611345	0	0	29611345	0	/.env.staging
1	41	0	0	7	29615921	0	29612769	29612766	0	29612764	73555	/itemshop
1	17	0	0	0	29608668	0	0	29598688	0	0	37403	/img/favicon/favicon.ico
1	1	0	0	0	29602111	0	0	29602111	0	0	1952	/img/charlist-avatar-bg.jpg
1	1	0	0	0	29602112	0	0	29602112	0	0	1403	/img/nextlabel.gif
1	27	0	0	0	29616743	0	0	29616651	0	0	52488	/assets/img/item/71069.png
1	146	0	0	0	29612035	0	0	29611865	0	0	103138	/market
1	4	0	0	0	29614456	0	0	29614453	0	0	21775	/fleamarket?name=&bonus[]=MAX_HP&bonus[]=MAX_SP
1	0	0	0	2	0	0	29597984	0	0	29597938	0	/%3FND
1	3	0	0	0	29606707	0	0	29598728	0	0	17559	/img/nav-itemshop-btn.jpg
1	1	0	0	0	29602112	0	0	29602112	0	0	170	/img/progress-inactive.gif
1	1	0	0	0	29602111	0	0	29602111	0	0	1385	/img/charlist-pager-prev.jpg
1	0	0	0	4	0	0	29598545	0	0	29597938	0	/cgi-bin/
1	1	0	0	0	29602112	0	0	29602112	0	0	22357	/img/charlist-row-bg.jpg
1	1	0	0	0	29602112	0	0	29602112	0	0	30633	/img/tabs4-navi.png
1	86	86	0	1	29613015	0	29611848	29602110	0	29611848	143613	/?lang=ro
1	1	0	0	0	29600574	0	0	29600574	0	0	2625	/include/captcha/simple-php-captcha.php?_CAPTCHA&t=0.79482300+1775937287
1	0	0	0	2	0	0	29597984	0	0	29597938	0	/%3FMA
1	221	0	1	12	29615813	29614301	29614473	29613707	29614301	29613024	652920	/fleamarket
1	9	9	0	0	29616744	0	0	29616738	0	0	26217	/?fleamarket_open=1&fleamarket_notice=sell_success
1	1	0	0	0	29598790	0	0	29598790	0	0	2142	/include/captcha/simple-php-captcha.php?_CAPTCHA&t=0.20389500+1775830235
1	1	0	0	0	29602112	0	0	29602112	0	0	1220	/img/rank-head-1-bg.jpg
1	1	0	0	0	29602112	0	0	29602112	0	0	2291	/img/input-bg-3.gif
1	1	0	0	0	29601901	0	0	29601901	0	0	4355	/include/captcha/simple-php-captcha.php?_CAPTCHA&t=0.20494400+1776016906
1	1	0	0	0	29602110	0	0	29602110	0	0	3338	/img/rank-td-first-2.jpg
1	3	0	0	0	29606707	0	0	29598728	0	0	10905	/img/nav-box-login-2-bg.gif
1	150	0	2	13	29615880	29612570	29612932	29612568	29612568	29612669	238863	/account
1	1	0	0	0	29602112	0	0	29602112	0	0	8744	/img/table-zebra.jpg
1	0	0	0	1	0	0	29602111	0	0	29602111	0	/img/ico-plus.html
1	17	0	0	0	29608668	0	0	29598688	0	0	230350	/img/box-bottom.png
1	17	0	0	0	29608668	0	0	29598688	0	0	40868	/img/button-bg-2.gif
1	91	0	0	0	29616743	0	0	29613760	0	0	155701	/assets/img/item/12240.png
1	17	0	0	0	29608668	0	0	29598688	0	0	731	/img/sep.gif
1	2	0	1	0	29598731	29598731	0	29598728	29598731	0	13541	/admin/download
1	1	0	0	0	29602112	0	0	29602112	0	0	1402	/img/prevlabel.gif
1	1	0	0	0	29602110	0	0	29602110	0	0	76523	/fonts/fontawesome-webfont.eot
1	1	0	0	0	29607266	0	0	29607266	0	0	1146	/images/empire/2.jpg
1	1	0	0	0	29602112	0	0	29602112	0	0	1466	/img/closelabel.gif
1	11	0	0	0	29612776	0	0	29612769	0	0	16443	/itemshop?category=consumabile
1	1	0	0	0	29600748	0	0	29600748	0	0	4450	/include/captcha/simple-php-captcha.php?_CAPTCHA&t=0.83414400+1775947734
1	1	0	0	0	29602112	0	0	29602112	0	0	20639	/img/qaservice-bg.jpg
1	0	0	0	1	0	0	29598703	0	0	29598703	0	/users
1	0	0	0	46	0	0	29614458	0	0	29612766	0	/assets/img/shop/elixir-curaj.png
1	1	0	0	0	29602112	0	0	29602112	0	0	2419	/img/rank-td-1-4-bg.jpg
1	113	0	0	0	29610896	0	0	29610641	0	0	144454	/assets/css/components.css
1	18	0	0	0	29608668	0	0	29598688	0	0	54810	/js/jquery.migrate.js
1	1	0	0	0	29602112	0	0	29602112	0	0	1159	/img/valid-icon.gif
1	1	0	0	0	29602112	0	0	29602112	0	0	27991	/img/aboutbox-3-bg.jpg
1	1	0	0	0	29614487	0	0	29614487	0	0	4738	/fleamarket?name=&bonus[]=ATT_GRADE_BONUS
1	1	0	0	0	29602111	0	0	29602111	0	0	25012	/img/community_dragon_bg.jpg
1	0	0	0	34	0	0	29614458	0	0	29612766	0	/assets/img/shop/pergament-binecuvantat.png
1	17	0	0	0	29608668	0	0	29598688	0	0	1229406	/img/container-bg-top.jpg
1	1	0	0	0	29602111	0	0	29602111	0	0	29748	/img/characterclasses-sura-bg.jpg
1	13	0	0	0	29615884	0	0	29615701	0	0	10591	/discord
1	0	0	0	1	0	0	29597949	0	0	29597949	0	/robots.txt?45.132.194.18
1	186	0	0	0	29616760	0	0	29615687	0	0	4809532	/assets/font/Bender-Bold.otf
1	0	0	0	21	0	0	29612627	0	0	29612619	0	/assets/img/characters/assassin-female.png
1	0	0	0	1	0	0	29611345	0	0	29611345	0	/.env.bak
1	18	0	0	0	29608668	0	0	29598688	0	0	1083924	/img/banner/ro/01.jpg
1	2	0	0	27	29616539	0	29611123	29615252	0	29598062	2704	/robots.txt
1	1	0	0	0	29602112	0	0	29602112	0	0	10418	/img/btn-big.jpg
1	83	0	0	0	29614483	0	0	29613771	0	0	371840	/assets/img/item/11290.png
1	1	0	0	0	29602111	0	0	29602111	0	0	28661	/img/download-button_2shared.jpg
1	24	0	0	0	29616738	0	0	29616651	0	0	81816	/assets/img/item/71128.png
1	1	0	0	0	29610468	0	0	29610468	0	0	354	/_autoindex/assets/icons/file.svg
1	1	0	0	0	29612958	0	0	29612958	0	0	563170	/assets/img/characters/shaman_female.png
1	1	0	0	0	29602112	0	0	29602112	0	0	543	/img/distributebox-input.jpg
1	30	0	0	0	29611912	0	0	29611910	0	0	32615	/register?lang=en
1	0	0	0	1	0	0	29611346	0	0	29611346	0	/public/.env
1	33	0	0	4	29612933	0	29612625	29612629	0	29612625	16808319	/assets/img/characters/warrior_male.png
1	7	0	0	0	29616760	0	0	29616743	0	0	37863	/assets/img/item/20000.png
1	4	0	0	0	29607282	0	0	29607265	0	0	33291	/admin/players
1	1	0	0	0	29601902	0	0	29601902	0	0	10690	/include/captcha/simple-php-captcha.php?_CAPTCHA&t=0.86361600+1776016923
1	0	0	2	0	0	29600547	0	0	29598732	0	0	/users/logout
1	5	0	0	0	29612958	0	0	29612670	0	0	2820875	/assets/img/characters/sura_male.png
1	1	0	0	0	29602112	0	0	29602112	0	0	11100	/img/distributebox-bg.jpg
1	1	0	0	0	29602112	0	0	29602112	0	0	821	/img/rank-td-2-3-bg.jpg
1	2	0	0	0	29602113	0	0	29600748	0	0	4962	/img/top-nav-register-btn.gif
1	1	0	0	0	29602111	0	0	29602111	0	0	28775	/img/download-button_bittorrent.jpg
1	0	0	0	1	0	0	29601977	0	0	29601977	0	/https:/luramt2-beta.mt-2.ro/news
1	101	0	0	0	29612035	0	0	29611865	0	0	71701	/shop
1	113	0	0	0	29610896	0	0	29610641	0	0	204820	/assets/css/pages/home.css
1	1	0	0	0	29602112	0	0	29602112	0	0	3349	/img/progressTracker.gif
1	186	0	0	0	29616760	0	0	29615687	0	0	4696146	/assets/font/Bender.otf
1	1	0	0	0	29602111	0	0	29602111	0	0	14470	/img/distributebox-bg-special.jpg
1	1	0	0	0	29602112	0	0	29602112	0	0	12762	/img/empire-crest.png
1	1	0	0	0	29606306	0	0	29606306	0	0	2204	/include/captcha/simple-php-captcha.php?_CAPTCHA&t=0.25348300+1776281202
1	0	0	2	0	0	29613020	0	0	29613018	0	0	/account/marketplace/withdraw-test
1	17	0	0	0	29608668	0	0	29598688	0	0	56219	/img/modul-box-top-2.jpg
1	13	0	0	0	29610468	0	0	29597938	0	0	4186	/_autoindex/assets/js/tablesort.number.js
1	17	0	0	0	29608668	0	0	29598688	0	0	40579	/img/input-bg-4.gif
1	0	0	0	30	0	0	29614458	0	0	29612766	0	/assets/img/shop/costum-noapte.png
1	17	0	0	0	29608668	0	0	29598688	0	0	202929	/css/all.css
1	1	0	0	0	29602111	0	0	29602111	0	0	27238	/img/firststepsbox-1-bg.jpg
1	17	0	0	0	29608668	0	0	29598688	0	0	40307	/img/button-bg-3.gif
1	19	0	4	2	29602109	29607265	29598695	29598706	29598728	29598692	130260	/users/login
1	1	0	0	0	29602110	0	0	29602110	0	0	115312	/fonts/fontawesome-webfont.svg?v=4.7.0
1	31	31	0	0	29612755	0	0	29602109	0	0	47278	/?lang=en
1	1	0	0	0	29602112	0	0	29602112	0	0	3307	/img/screenshot-li-bg.jpg
1	1	0	0	0	29612714	0	0	29612714	0	0	1202	/verify-register?token=e2980cfb7686ce38f024b87737051d79b35b3c91e488e9c9844d99d63b3b81e3
1	49	0	0	17	29612017	0	29612012	29612014	0	29612011	36113	/admin/auth-test
1	1	0	0	0	29602112	0	0	29602112	0	0	2830	/img/number-bg.png
1	0	0	0	1	0	0	29611346	0	0	29611346	0	/.vercel/.env.production.local
1	1	0	0	0	29602111	0	0	29602111	0	0	27936	/img/download-button-1_2shared.jpg
1	1	0	0	0	29602112	0	0	29602112	0	0	32274	/img/gallerybox-bg.jpg
1	16	0	0	0	29608668	0	0	29598689	0	0	35456	/images/empire/3.jpg
1	16	0	0	0	29613771	0	0	29613763	0	0	34416	/assets/img/item/13040.png
1	3	0	0	0	29606707	0	0	29598728	0	0	42396	/img/header-box.gif
1	1	0	0	0	29602112	0	0	29602112	0	0	19565	/img/tutorials-box-1-bg.jpg
1	1	0	0	0	29602111	0	0	29602111	0	0	6686	/img/download-button-1.jpg
1	100	0	0	0	29616760	0	0	29615902	0	0	109700	/assets/img/item/28000.png
1	1	0	0	0	29598732	0	0	29598732	0	0	6303	/include/captcha/simple-php-captcha.php?_CAPTCHA&t=0.06563100+1775826764
1	1	0	0	0	29602112	0	0	29602112	0	0	8399	/img/charlist-pager-bg.jpg
1	39	39	0	0	29612472	0	0	29610661	0	0	43113	/?lang=de
1	6	6	1	0	29616760	29616758	0	29616755	29616758	0	17614	/?fleamarket_open=1&fleamarket_tab=offers&fleamarket_notice=listing_withdraw_started
1	5	0	0	0	29610700	0	0	29610700	0	0	7930	/assets/images/icons/languages/ro.webp
1	17	0	0	0	29608668	0	0	29598688	0	0	49028	/img/content-box-top.jpg
1	1	0	0	0	29602112	0	0	29602112	0	0	2472	/img/rank-head-2-bg.jpg
1	1	0	0	0	29602112	0	0	29602112	0	0	1122	/img/help-link-bg.gif
1	1	0	0	0	29602112	0	0	29602112	0	0	29459	/img/characterclasses-ninja-bg.jpg
1	1	0	0	0	29602112	0	0	29602112	0	0	973	/img/rank-td-1-1-bg.jpg
1	1	0	0	0	29602112	0	0	29602112	0	0	22230	/img/tabs2-navi.png
1	1	0	0	0	29602111	0	0	29602111	0	0	7724	/img/ranks-dropdowns-box-bg.jpg
1	0	0	0	71	0	0	29614489	0	0	29614385	0	/assets/img/item/41312.png
1	17	0	0	0	29608668	0	0	29598688	0	0	322660	/img/reg-btn.jpg
1	18	0	0	0	29608668	0	0	29598688	0	0	525150	/js/jquery-2.2.4.min.js
1	2	0	0	0	29602112	0	0	29600748	0	0	5060	/img/heading-1.jpg
1	13	0	0	0	29610468	0	0	29597938	0	0	27781	/_autoindex/assets/js/tablesort.js
1	1	0	0	0	29602112	0	0	29602112	0	0	3669	/img/nav-box-login-3-bg.gif
1	1	0	0	0	29612742	0	0	29612742	0	0	52	/mail-test.php
1	18	0	0	0	29608668	0	0	29598688	0	0	63810	/js/featherlight.js
1	18	0	0	0	29608668	0	0	29598688	0	0	127494	/js/tether.min.js
1	1	0	0	0	29602112	0	0	29602112	0	0	1719	/img/trenner-shadow.jpg
1	4	0	0	0	29612775	0	0	29612769	0	0	5641	/itemshop?category=costume
1	2	0	0	0	29607282	0	0	29607282	0	0	15832	/admin/player/edit/8
1	14	0	0	0	29612788	0	0	29612776	0	0	19844	/itemshop/product?slug=elixirul-curajului
1	0	0	30	0	0	29612032	0	0	29611935	0	0	/dev-logout
1	1	0	0	0	29602112	0	0	29602112	0	0	1588	/img/loading.gif
1	1	0	0	0	29612753	0	0	29612753	0	0	1284	/verify-register?token=b34243d2818a8f3a465b9a40bf98f75922055587c818de2b6d551534ee4cdaf2
1	2	0	0	0	29607266	0	0	29607266	0	0	15918	/admin/player/edit/2
1	3	0	0	0	29607285	0	0	29607267	0	0	24068	/admin/player/edit/1
1	0	0	0	1	0	0	29611346	0	0	29611346	0	/app/.env
1	17	0	0	0	29612931	0	0	29612572	0	0	19751	/account/settings
1	1	0	0	0	29602112	0	0	29602112	0	0	41032	/img/form-bg.jpg
1	1	0	0	0	29602111	0	0	29602111	0	0	20639	/img/empire-box-bg.jpg
1	1	0	0	0	29602111	0	0	29602111	0	0	5211	/img/ranks-dropdowns-box-bg-pages.jpg
1	0	0	10	0	0	29616747	0	0	29615765	0	0	/?logout=1
1	1	1	0	0	29597949	0	0	29597949	0	0	563	/?SD
1	1	0	0	0	29602112	0	0	29602112	0	0	26815	/img/aboutbox-4-bg.jpg
1	5	0	0	0	29612820	0	0	29612788	0	0	7043	/itemshop/product?slug=costum-de-noapte
1	0	0	0	1	0	0	29601977	0	0	29601977	0	/https:/luramt2-beta.mt-2.ro/%3Flang%3Dro
1	1	1	0	0	29597949	0	0	29597949	0	0	564	/?SA
1	1	0	0	0	29602111	0	0	29602111	0	0	2845	/img/error.gif
1	1	0	0	0	29607266	0	0	29607266	0	0	1327	/css/bootstrap-select.css
1	1	0	0	0	29615680	0	0	29615680	0	0	693	/images/site/header.jpg
1	1	0	0	0	29602112	0	0	29602112	0	0	2254	/img/charlist-pager.jpg
1	1	0	0	0	29602113	0	0	29602113	0	0	88387	/fonts/fontawesome-webfont.ttf?v=4.7.0
1	8	0	0	0	29606306	0	0	29598707	0	0	2256	/img/form-input-bg.gif
1	104	0	1	7	29612953	29612930	29612842	29612572	29612930	29612840	161317	/account/itemshop
1	0	0	0	1	0	0	29611346	0	0	29611346	0	/laravel/.env
1	17	0	0	0	29608668	0	0	29598688	0	0	129931	/img/main-mav-bg.gif
1	1	0	0	0	29602111	0	0	29602111	0	0	29294	/img/download-button_megaupload.jpg
1	1	0	0	0	29602111	0	0	29602111	0	0	16513	/img/two-boxes-bg.jpg
1	19	0	0	4	29606326	0	29598690	29598706	0	29598690	135777	/users/register
1	66	0	0	0	29610896	0	0	29610698	0	0	176286	/assets/images/icons/languages/de.png
1	7	0	0	0	29616760	0	0	29616743	0	0	15260	/assets/img/item/71084.png
1	3	3	0	0	29616699	0	0	29616695	0	0	9142	/?fleamarket_open=1
1	1	0	0	0	29612727	0	0	29612727	0	0	1202	/verify-register?token=b16b83de5b66a40eb923450bfd649b27cfe75965e2378c1e6104692dd5b59dcf
1	1	0	0	0	29602108	0	0	29602108	0	0	7135	/ranking/guilds
1	1	0	0	0	29602111	0	0	29602111	0	0	16913	/img/rank-td-first-right.png
1	5	0	0	0	29616737	0	0	29616731	0	0	5795	/assets/img/item/16100.png
1	35	0	0	0	29614483	0	0	29614393	0	0	56770	/assets/img/item/27102.png
1	17	0	0	0	29608668	0	0	29598688	0	0	30685	/img/box-top-1.jpg
1	0	0	0	1	0	0	29601977	0	0	29601977	0	/https:/luramt2-beta.mt-2.ro/users/login
1	1	0	0	0	29614487	0	0	29614487	0	0	4408	/fleamarket?name=&bonus[]=MOV_SPEED
1	5	0	0	1	29612489	0	29611356	29612478	0	29611356	3947	/wiki
1	0	0	0	1	0	0	29611345	0	0	29611345	0	/.env.production
1	1	0	0	0	29602112	0	0	29602112	0	0	16054	/img/downloadbox-bg.jpg
1	32	0	4	0	29612753	29612754	0	29612703	29612727	0	40147	/verify-register
1	0	0	0	1	0	0	29611346	0	0	29611346	0	/src/.env
1	1	0	0	0	29602111	0	0	29602111	0	0	1107	/img/error-bullet.png
1	147	0	0	0	29614486	0	0	29612572	0	0	272407	/account/marketplace
1	0	0	0	1	0	0	29611346	0	0	29611346	0	/web/.env
1	0	0	0	1	0	0	29611346	0	0	29611346	0	/actuator/env
1	1	0	0	0	29602112	0	0	29602112	0	0	2244	/img/rank-td-2-4-bg.jpg
1	1	1	0	0	29597949	0	0	29597949	0	0	561	/?ND
1	0	0	0	1	0	0	29601977	0	0	29601977	0	/https:/luramt2-beta.mt-2.ro/ranking/players
1	0	0	0	1	0	0	29611345	0	0	29611345	0	/.env.development
1	1	0	0	0	29602111	0	0	29602111	0	0	19893	/img/pass-lost-box.jpg
1	1	0	0	0	29602111	0	0	29602111	0	0	25598	/img/input-data-box-bg.jpg
1	1	1	0	0	29597949	0	0	29597949	0	0	561	/?NA
1	1	0	0	0	29602112	0	0	29602112	0	0	1393	/img/charlist-pager-next.jpg
1	1	0	0	0	29602111	0	0	29602111	0	0	7523	/img/download-button-2.jpg
1	51	0	0	0	29616615	0	0	29615902	0	0	57324	/assets/img/item/28001.png
1	1086	0	0	0	29616760	0	0	29610681	0	0	613236	/assets/js/app.js
1	3	0	0	4	29614486	0	29614480	29614448	0	29614478	14351	/fleamarket?name=armura
1	1	1	0	0	29597949	0	0	29597949	0	0	566	/?MD
1	6	0	0	0	29607265	0	0	29598728	0	0	431376	/fonts/fontawesome-webfont.woff2?v=4.7.0
1	1	1	0	0	29597949	0	0	29597949	0	0	565	/?MA
1	1	0	0	0	29614448	0	0	29614448	0	0	4890	/fleamarket?name=
1	1	0	0	0	29602110	0	0	29602110	0	0	7135	/ranking/guilds/1
1	1	0	0	0	29602112	0	0	29602112	0	0	617	/img/bullet.gif
1	1	0	0	0	29615680	0	0	29615680	0	0	693	/register?104.164.173.6
1	1	0	0	0	29598732	0	0	29598732	0	0	5750	/include/captcha/simple-php-captcha.php?_CAPTCHA&t=0.66072400+1775826748
1	1	0	0	0	29602112	0	0	29602112	0	0	1473	/img/prevlabel-hover.gif
1	1	0	0	0	29607266	0	0	29607266	0	0	6960	/user/administration
1	17	0	0	0	29608668	0	0	29598688	0	0	87142	/img/modul-box-bottom.jpg
1	956	0	0	0	29616760	0	0	29610641	0	0	2394574	/assets/css/app.css
1	1	0	0	0	29602112	0	0	29602112	0	0	1060	/img/screeshot-border-2.gif
1	1	0	0	0	29602112	0	0	29602112	0	0	2676	/img/heading-2.jpg
1	11	0	0	0	29610468	0	0	29597939	0	0	12870	/_autoindex/assets/css/autoindex.css
1	1	0	0	0	29602112	0	0	29602112	0	0	28647	/img/firststepsbox-2-bg.jpg
1	1	0	0	0	29602110	0	0	29602110	0	0	64661	/images/recovery.png
1	32	0	0	0	29616575	0	0	29612478	0	0	33967	/support
1	1	0	0	0	29600575	0	0	29600575	0	0	4080	/include/captcha/simple-php-captcha.php?_CAPTCHA&t=0.54396000+1775937319
1	1	0	0	0	29602111	0	0	29602111	0	0	586	/img/error-mini.gif
1	1	0	0	0	29602112	0	0	29602112	0	0	1883	/img/iepngfix.htc
1	3	0	0	0	29613759	0	0	29613755	0	0	5400	/assets/img/item/00290.png
1	1	0	0	20	29612627	0	29612627	29612627	0	29612619	509343	/assets/img/characters/warrior-male.png
1	1	0	0	0	29602112	0	0	29602112	0	0	11425	/img/download-client.jpg
1	1	1	0	0	29616648	0	0	29616648	0	0	3023	/?selected_depot_item=1
1	1	0	0	0	29606306	0	0	29606306	0	0	4235	/include/captcha/simple-php-captcha.php?_CAPTCHA&t=0.84571100+1776281186
1	17	0	0	0	29608668	0	0	29598688	0	0	107338	/img/nav-download-btn.jpg
1	1	0	0	0	29602111	0	0	29602111	0	0	4176	/img/rank-td-first-2-1.jpg
1	1	0	0	0	29602112	0	0	29602112	0	0	1005	/img/ranks-input-bg.jpg
1	1	0	0	0	29602112	0	0	29602112	0	0	1991	/img/distributebox-btn.jpg
1	1	0	0	0	29602112	0	0	29602112	0	0	1131	/img/rank-head-3-bg.jpg
1	1	0	0	0	29602113	0	0	29602113	0	0	14166	/img/register-box-bg.jpg
1	1	0	0	0	29602110	0	0	29602110	0	0	76523	/fonts/fontawesome-webfont.eot?v=4.7.0
1	1	0	0	0	29602110	0	0	29602110	0	0	79788	/images/ranking.png
1	39	0	0	0	29616737	0	0	29616611	0	0	129714	/assets/img/item/00460.png
1	1	0	0	0	29602111	0	0	29602111	0	0	20103	/img/gallerybox-small-bg.jpg
1	1	0	0	0	29602112	0	0	29602112	0	0	1809	/img/rank-td-1-2-bg.jpg
1	2	0	0	0	29606709	0	0	29606707	0	0	16875	/admin/createitems
1	1	0	0	0	29612730	0	0	29612730	0	0	1200	/verify-register?token=ada3def7f7de9a959904a2e9ab249f1921b83da8443bff65d68b4c65ab46d2dd
1	17	0	0	0	29608668	0	0	29598688	0	0	137921	/img/box-middle.png
1	883	0	0	0	29612011	0	0	29611954	0	0	622047	/admin/db-test
1	1	0	0	0	29602112	0	0	29602112	0	0	30351	/img/aboutbox-1-bg.jpg
1	27	0	0	0	29616743	0	0	29616651	0	0	86130	/assets/img/item/71173.png
1	0	0	18	3	0	29614489	29612981	0	29612958	29612973	0	/account/marketplace/buy-test
1	3	0	0	0	29606707	0	0	29598728	0	0	11007	/img/nav-box-login-4-bg.gif
1	0	0	0	2	0	0	29611346	0	0	29598364	0	/.git/config
1	17	0	0	0	29608668	0	0	29598688	0	0	49283	/img/content-box-bottom.jpg
1	1	0	0	0	29602111	0	0	29602111	0	0	30131	/img/download-button_4shared.jpg
1	120	0	0	0	29616760	0	0	29613754	0	0	320400	/assets/img/item/03150.png
1	3	0	0	0	29614488	0	0	29614475	0	0	14742	/fleamarket?name=&bonus[]=MAX_HP
1	1	0	0	0	29612744	0	0	29612744	0	0	1200	/verify-register?token=167177083fbfa2368c45c30d06653a34aa8dff853560fe0743eee49e5efb3e0e
1	17	0	0	0	29608668	0	0	29598688	0	0	138754	/css/bootstrap.css
1	0	0	0	2	0	0	29614480	0	0	29614480	0	/fleamarket?name=otel
1	1	0	0	0	29602110	0	0	29602110	0	0	90412	/fonts/fontawesome-webfont.woff?v=4.7.0
1	0	0	0	1	0	0	29611345	0	0	29611345	0	/.env.backup
1	1	0	0	0	29606326	0	0	29606326	0	0	4466	/include/captcha/simple-php-captcha.php?_CAPTCHA&t=0.33572300+1776282382
1	17	0	0	0	29608668	0	0	29598688	0	0	31229	/img/box-top-2.jpg
1	1	0	0	0	29611920	0	0	29611920	0	0	644	/login?lang=ro
1	1	0	0	0	29602111	0	0	29602111	0	0	1109	/img/small-btn-bg.gif
1	1	0	0	0	29602111	0	0	29602111	0	0	16816	/img/rank-td-first-left.png
1	1	0	0	0	29612750	0	0	29612750	0	0	1285	/verify-register?token=332fa69c3d1c5358fdaff61c020cc558a08f41374149da5bad8a8c0a37f55f0e
1	2	0	0	0	29610469	0	0	29610468	0	0	6871220	/cgi-bin.zip
1	1	0	0	0	29602110	0	0	29602110	0	0	23608	/img/aboutbox-5-bg.jpg
1	18	0	0	0	29608668	0	0	29598688	0	0	200052	/js/bootstrap.min.js
1	0	0	0	1	0	0	29611346	0	0	29611346	0	/server/.env
1	1	0	0	0	29602111	0	0	29602111	0	0	11000	/img/pass-lost-box-small.jpg
1	1	0	0	0	29602111	0	0	29602111	0	0	4796	/img/two-boxes-bottom.jpg
1	1	0	0	0	29612711	0	0	29612711	0	0	1203	/verify-register?token=46d529e59653f34fc8855fda2ef595d5f9dd1b73b30fb6faa4643b85fe7412c2
1	66	0	0	0	29610896	0	0	29610698	0	0	252846	/assets/images/icons/languages/ro.png
1	0	0	0	1	0	0	29602110	0	0	29602110	0	/js/'+url+'
1	1	0	0	0	29602112	0	0	29602112	0	0	24082	/img/big-download.jpg
1	0	0	0	1	0	0	29611345	0	0	29611345	0	/.env.example
1	144	0	8	79	29613780	29612568	29612031	29598728	29612557	29611927	169344	/admin
1	1	0	0	0	29602112	0	0	29602112	0	0	10568	/img/login-box-small.jpg
1	0	0	0	953	0	0	29616760	0	0	29597937	0	/favicon.ico
1	2	0	0	0	29607266	0	0	29607266	0	0	13910	/user/characters
1	81	0	0	14	29615056	0	29612483	29598706	0	29598690	143558	/news
1	1	0	0	0	29602112	0	0	29602112	0	0	2537	/img/tutorial-btn.png
1	51	0	0	0	29616615	0	0	29615902	0	0	56202	/assets/img/item/28002.png
1	0	0	0	1	0	0	29602111	0	0	29602111	0	/img/rank-td-right.png
1	17	0	0	0	29608668	0	0	29598688	0	0	415735	/img/content-box-bg.jpg
1	1	0	0	0	29612723	0	0	29612723	0	0	1202	/verify-register?token=0700a3406943b8ba8440f70bae5c055e60e8f1e9c4c7b60e9a6ff18f65503649
1	2	0	0	0	29607282	0	0	29607282	0	0	16474	/admin/players/2
1	1	0	0	0	29607282	0	0	29607282	0	0	8323	/admin/players/1
1	0	0	0	1	0	0	29611346	0	0	29611346	0	/api/.env
1	1	0	0	0	29602112	0	0	29602112	0	0	26537	/img/tabs3-navi.png
1	1	0	0	0	29602112	0	0	29602112	0	0	964	/img/rank-td-2-1-bg.jpg
1	0	0	0	1	0	0	29611346	0	0	29611346	0	/backend/.env
1	1	0	0	0	29598740	0	0	29598740	0	0	6224	/include/captcha/simple-php-captcha.php?_CAPTCHA&t=0.94165600+1775827201
1	1	0	0	0	29602112	0	0	29602112	0	0	2255	/img/input-bg-1.gif
1	2	0	0	0	29612706	0	0	29612703	0	0	2208	/verify-register?token=4f05683c7c80ea21ee30dc04d1d4a9b21860382e2e4313a8e02beab70bd89200
1	2	0	26	0	29615765	29614488	0	29615764	29612034	0	2127	/logout
1	18	0	0	0	29616691	0	0	29616651	0	0	14724	/assets/img/item/17100.png
1	1	0	0	0	29602112	0	0	29602112	0	0	1868	/img/video-border-bg.gif
1	1	0	0	0	29598707	0	0	29598707	0	0	6624	/include/captcha/simple-php-captcha.php?_CAPTCHA&t=0.16816800+1775825259
1	1	0	0	0	29607266	0	0	29607266	0	0	46514	/images/job/5.png
1	256	0	0	69	29616691	0	29614488	29615935	0	29614400	709334	/assets/img/item/50818.png
1	10	0	0	0	29608668	0	0	29598707	0	0	46760	/img/heading-3.jpg
1	0	0	0	1	0	0	29601977	0	0	29601977	0	/https:/luramt2-beta.mt-2.ro/users/register
1	1	0	0	0	29602111	0	0	29602111	0	0	29077	/img/download-button-1_4shared.jpg
1	0	0	0	1	0	0	29601977	0	0	29601977	0	/https:/luramt2-beta.mt-2.ro/users/lost
1	17	0	0	0	29608668	0	0	29598688	0	0	2023374	/img/header-bg.jpg
1	0	0	0	1	0	0	29601977	0	0	29601977	0	/https:/luramt2-beta.mt-2.ro/ranking/guilds
1	0	0	0	3	0	0	29614479	0	0	29614479	0	/fleamarket?name=armura&bonus[]=MAX_HP
1	2	2	0	0	29616661	0	0	29616657	0	0	3824	/?selected_depot_item=14&fleamarket_partial=1
1	1	0	0	0	29602112	0	0	29602112	0	0	1472	/img/nextlabel-hover.gif
1	1	0	0	0	29602111	0	0	29602111	0	0	973	/img/rank-td-first-2-2.jpg
1	1	0	0	0	29602112	0	0	29602112	0	0	89609	/img/empires-map-bg.png
1	66	0	0	0	29610896	0	0	29610698	0	0	575718	/assets/images/icons/languages/en.png
1	1	0	0	0	29600621	0	0	29600621	0	0	2293	/include/captcha/simple-php-captcha.php?_CAPTCHA&t=0.94331400+1775940066
1	1	0	0	0	29602112	0	0	29602112	0	0	2842	/img/rank-td-last-1.jpg
1	1	0	0	0	29607266	0	0	29607266	0	0	11104	/js/bootstrap-select.js
1	1	0	0	0	29607266	0	0	29607266	0	0	48429	/images/job/0.png
1	1487	1487	1	108	29616755	29616755	29615735	29597938	29616755	29610619	2539909	/
1	1	0	0	0	29602112	0	0	29602112	0	0	16722	/img/header-box.png
1	1	0	0	0	29602112	0	0	29602112	0	0	1044	/img/screeshot-border.gif
1	1	1	0	0	29599512	0	0	29599512	0	0	8113	/?213.188.83.141
1	1	0	0	0	29602111	0	0	29602111	0	0	26902	/img/firststepsbox-3-bg.jpg
1	0	0	9	0	0	29612820	0	0	29612781	0	0	/itemshop/buy
1	1	0	0	0	29602111	0	0	29602111	0	0	2392	/img/back-btn-bg.gif
1	6	0	0	0	29607267	0	0	29598707	0	0	576774	/images/user.png
1	1	0	0	0	29602110	0	0	29602110	0	0	6774	/include/captcha/simple-php-captcha.php?_CAPTCHA&t=0.02601400+1776029273
1	1	0	0	0	29602111	0	0	29602111	0	0	28127	/img/download-button-1_bittorrent.jpg
1	1	0	0	0	29602111	0	0	29602111	0	0	1774	/img/input-data-input-bg.jpg
1	0	0	0	1	0	0	29611346	0	0	29611346	0	/config/.env
1	1	0	0	0	29612753	0	0	29612753	0	0	1349	/resend-register-code
1	194	0	0	0	29616760	0	0	29613771	0	0	372868	/assets/img/item/16220.png
1	6	0	0	2	29602260	0	29598695	29598706	0	29598694	43077	/ranking/players
1	1	0	0	0	29602110	0	0	29602110	0	0	68727	/img/empires-map.png
1	3	0	0	0	29606707	0	0	29598728	0	0	10935	/img/nav-box-login-1-bg.gif
1	0	0	0	1	0	0	29611346	0	0	29611346	0	/debug/default/view
1	934	0	10	17	29615726	29612753	29615732	29611865	29612703	29612058	994689	/register
1	1	0	0	0	29614483	0	0	29614483	0	0	4701	/fleamarket?name=sabie
1	1	0	0	0	29602112	0	0	29602112	0	0	33161	/img/news-box-bg.jpg
1	0	0	0	1	0	0	29601977	0	0	29601977	0	/https:/luramt2-beta.mt-2.ro/
1	0	0	0	1	0	0	29611346	0	0	29611346	0	/_next/static/env.js
1	1	0	0	0	29602111	0	0	29602111	0	0	12317	/img/download-inner-column-left-bg.jpg
1	1	0	0	0	29602112	0	0	29602112	0	0	18356	/img/standard-bg.jpg
1	8	0	0	0	29598707	0	0	29598706	0	0	53616	/users/img/banner/ro/01.jpg
1	10	0	0	0	29598545	0	0	29597939	0	0	3330	/_autoindex/assets/icons/folder-fill.svg
1	0	0	0	1	0	0	29601977	0	0	29601977	0	/http:/casidie.ro
1	195	0	0	0	29616760	0	0	29613753	0	0	507390	/assets/img/item/00180.png
1	1	0	0	0	29598737	0	0	29598737	0	0	4319	/include/captcha/simple-php-captcha.php?_CAPTCHA&t=0.22964600+1775827078
1	1	0	0	0	29602112	0	0	29602112	0	0	170	/img/progress-active.gif
1	1	0	0	0	29602112	0	0	29602112	0	0	3339	/img/rank-head-4-bg.jpg
1	0	0	24	0	0	29612024	0	0	29611934	0	0	/dev-login
1	1	0	0	0	29602111	0	0	29602111	0	0	219	/img/select-replacement-bg.gif
1	1	0	0	0	29602112	0	0	29602112	0	0	848	/img/rank-td-1-3-bg.jpg
1	16	0	0	0	29608668	0	0	29598688	0	0	47856	/img/shadow.gif
1	17	0	0	0	29608668	0	0	29598688	0	0	113186	/css/font-awesome.min.css
1	1	0	0	0	29602112	0	0	29602112	0	0	29095	/img/aboutbox-2-bg.jpg
1	19	0	0	0	29608668	0	0	29598688	0	0	6574	/img/shadow-2.png
1	6	0	0	0	29606306	0	0	29598707	0	0	1470	/js/register.js
1	1	0	0	0	29598706	0	0	29598706	0	0	6702	/ranking/img/banner/ro/01.jpg
3	13	0	0	6	29614488	0	29614488	29614476	0	29614475	70895	https://luramt2-beta.mt-2.ro/fleamarket?name=&bonus[]=MAX_HP
3	1	0	1	0	29612745	29612745	0	29612745	29612745	0	1149	https://luramt2-beta.mt-2.ro/verify-register?token=167177083fbfa2368c45c30d06653a34aa8dff853560fe0743eee49e5efb3e0e
3	30	1	1	8	29612932	29612575	29612932	29612572	29612575	29612931	42994	https://luramt2-beta.mt-2.ro/account/settings
3	2	0	0	2	29614487	0	29614487	29614487	0	29614487	5451	https://luramt2-beta.mt-2.ro/fleamarket?name=&bonus[]=ATT_GRADE_BONUS
3	1	0	0	0	29611921	0	0	29611921	0	0	646	https://luramt2-beta.mt-2.ro/login?lang=ro
3	6	1	4	5	29612827	29612827	29612820	29612788	29612788	29612788	6545	https://luramt2-beta.mt-2.ro/itemshop/product?slug=costum-de-noapte
3	2	0	0	2	29612778	0	29612778	29612776	0	29612776	3234	https://luramt2-beta.mt-2.ro/itemshop/product?slug=pergament-binecuvantat
3	2	2	0	0	29597949	0	0	29597949	0	0	1124	https://luramt2-beta.mt-2.ro/?SA
3	1	0	0	0	29612751	0	0	29612751	0	0	1327	https://luramt2-beta.mt-2.ro/verify-register?token=332fa69c3d1c5358fdaff61c020cc558a08f41374149da5bad8a8c0a37f55f0e
3	27	2	0	1	29615884	0	29615701	29612478	0	29615701	20377	https://luramt2-beta.mt-2.ro/ranking
3	22	1	1	0	29615884	29615816	0	29615701	29615816	0	14216	https://luramt2-beta.mt-2.ro/discord
3	191	0	0	32	29612958	0	29612933	29612572	0	29612833	331451	https://luramt2-beta.mt-2.ro/account/itemshop
3	1	0	0	0	29612711	0	0	29612711	0	0	1254	https://luramt2-beta.mt-2.ro/verify-register?token=46d529e59653f34fc8855fda2ef595d5f9dd1b73b30fb6faa4643b85fe7412c2
3	176	34	25	77	29613780	29613009	29612575	29598728	29611936	29611927	270924	https://luramt2-beta.mt-2.ro/admin
3	90	25	2	12	29615884	29600547	29612669	29598707	29598732	29598690	169431	https://luramt2-beta.mt-2.ro/download
3	2	0	0	1	29615786	0	29615786	29615786	0	29615786	2711	https://luramt2-beta.mt-2.ro/?test_mail=1
3	4	0	0	0	29607267	0	0	29607266	0	0	109459	https://luramt2-beta.mt-2.ro/user/characters
3	40	0	0	2	29606326	0	29598690	29598706	0	29598690	294166	https://luramt2-beta.mt-2.ro/users/register
3	118	35	4	10	29615056	29612563	29612562	29598706	29612561	29598691	240153	https://luramt2-beta.mt-2.ro/news
3	20	4	0	5	29616731	0	29616730	29616700	0	29616700	46675	https://luramt2-beta.mt-2.ro/?fleamarket_open=1&fleamarket_notice=withdraw_success
3	3	0	0	0	29602110	0	0	29602110	0	0	71680	https://luramt2-beta.mt-2.ro/users/lost
3	10	2	0	1	29616699	0	29616699	29616695	0	29616699	24090	https://luramt2-beta.mt-2.ro/?fleamarket_open=1
3	2	0	0	0	29602110	0	0	29602110	0	0	86923	https://luramt2-beta.mt-2.ro/ranking/guilds
3	1	0	1	0	29612727	29612727	0	29612727	29612727	0	1029	https://luramt2-beta.mt-2.ro/verify-register?token=b16b83de5b66a40eb923450bfd649b27cfe75965e2378c1e6104692dd5b59dcf
3	3	0	0	1	29612723	0	29612723	29612723	0	29612723	5031	https://luramt2-beta.mt-2.ro/verify-register?token=0700a3406943b8ba8440f70bae5c055e60e8f1e9c4c7b60e9a6ff18f65503649
3	2	0	0	0	29607282	0	0	29607282	0	0	16242	https://luramt2-beta.mt-2.ro/admin/players/2
3	1	0	0	0	29607282	0	0	29607282	0	0	8019	https://luramt2-beta.mt-2.ro/admin/players/1
3	1	1	0	0	29598697	0	0	29598697	0	0	6702	https://whm1.hostify24.com:2083/
3	30	1	0	0	29611912	0	0	29611910	0	0	32602	https://luramt2-beta.mt-2.ro/register?lang=en
3	3	1	1	1	29615765	29615765	29615765	29615765	29615765	29615765	3473	https://luramt2-beta.mt-2.ro/logout
3	2	0	0	0	29612707	0	0	29612703	0	0	2314	https://luramt2-beta.mt-2.ro/verify-register?token=4f05683c7c80ea21ee30dc04d1d4a9b21860382e2e4313a8e02beab70bd89200
3	4	0	0	0	29607282	0	0	29607266	0	0	32464	https://luramt2-beta.mt-2.ro/admin/players
3	1	0	0	0	29612708	0	0	29612708	0	0	1256	https://luramt2-beta.mt-2.ro/verify-register?token=0bcaee19293ecc96e7dcd4c1575e13837288d7e623256edfc36099633ee0191f
3	1	0	0	2	29614488	0	29614487	29614488	0	29614487	4909	https://luramt2-beta.mt-2.ro/fleamarket?name=&bonus[]=MOV_SPEED
3	2	2	1	0	29616744	29616744	0	29616743	29616744	0	5909	https://luramt2-beta.mt-2.ro/?selected_depot_item=33
3	16	0	0	0	29611910	0	0	29611909	0	0	17770	https://luramt2-beta.mt-2.ro/register?lang=ro
3	10	0	0	0	29612489	0	0	29612478	0	0	7922	https://luramt2-beta.mt-2.ro/wiki
3	11	3	1	1	29616744	29616744	29616744	29616743	29616744	29616744	30169	https://luramt2-beta.mt-2.ro/?selected_depot_item=32
3	2	2	1	0	29616744	29616744	0	29616743	29616744	0	5850	https://luramt2-beta.mt-2.ro/?selected_depot_item=31
3	5	5	1	0	29616738	29616738	0	29616732	29616738	0	15027	https://luramt2-beta.mt-2.ro/?selected_depot_item=29
3	54	10	1	4	29616747	29616747	29616743	29616732	29616747	29616733	133784	https://luramt2-beta.mt-2.ro/?selected_depot_item=30
3	2	0	1	0	29607266	29607266	0	29607266	29607266	0	13871	https://luramt2-beta.mt-2.ro/admin/functions
3	16	4	0	1	29616735	0	29616735	29616735	0	29616735	37662	https://luramt2-beta.mt-2.ro/?selected_depot_item=28
3	2	2	1	0	29616738	29616738	0	29616732	29616738	0	5834	https://luramt2-beta.mt-2.ro/?selected_depot_item=27
3	35	1	0	5	29612753	0	29612719	29612703	0	29612705	45805	https://luramt2-beta.mt-2.ro/verify-register
3	1	1	1	0	29616738	29616738	0	29616738	29616738	0	2905	https://luramt2-beta.mt-2.ro/?selected_depot_item=26
3	17	5	1	1	29616738	29616737	29616737	29616736	29616737	29616737	43174	https://luramt2-beta.mt-2.ro/?selected_depot_item=25
3	246	11	39	45	29614486	29614393	29614434	29612572	29612940	29612940	550441	https://luramt2-beta.mt-2.ro/account/marketplace
3	33	7	0	2	29616692	0	29616691	29616651	0	29616688	79455	https://luramt2-beta.mt-2.ro/?selected_depot_item=24
3	14	12	0	0	29616692	0	0	29616651	0	0	37635	https://luramt2-beta.mt-2.ro/?selected_depot_item=23
3	15	14	0	0	29616692	0	0	29616648	0	0	43265	https://luramt2-beta.mt-2.ro/?selected_depot_item=22
3	112	41	1	3	29612035	29611952	29611952	29611865	29611952	29611925	76086	https://luramt2-beta.mt-2.ro/shop
3	48	7	0	3	29616676	0	29616675	29616651	0	29616673	112632	https://luramt2-beta.mt-2.ro/?selected_depot_item=21
3	22	9	0	1	29616692	0	29616690	29616651	0	29616690	57392	https://luramt2-beta.mt-2.ro/?selected_depot_item=20
3	118	29	0	5	29616681	0	29616680	29616611	0	29616613	292652	https://luramt2-beta.mt-2.ro/?selected_depot_item=19
3	498	70	0	40	29616736	0	29616731	29616517	0	29616518	1180491	https://luramt2-beta.mt-2.ro/?selected_depot_item=18
3	194	104	1	4	29616700	29616699	29616650	29616517	29616699	29616525	528665	https://luramt2-beta.mt-2.ro/?selected_depot_item=17
3	227	77	1	7	29616699	29616695	29616647	29615944	29616695	29615946	586594	https://luramt2-beta.mt-2.ro/?selected_depot_item=16
3	207	84	1	3	29616695	29616695	29616690	29615944	29616695	29616633	560013	https://luramt2-beta.mt-2.ro/?selected_depot_item=15
3	235	60	1	10	29616730	29616700	29616667	29615946	29616700	29616593	566514	https://luramt2-beta.mt-2.ro/?selected_depot_item=14
3	5	0	0	8	29614486	0	29614486	29614448	0	29614448	21230	https://luramt2-beta.mt-2.ro/fleamarket?name=armura
3	225	46	42	30	29614488	29614488	29612930	29611865	29612017	29612018	215803	https://luramt2-beta.mt-2.ro/login
3	1	1	0	0	29597949	0	0	29597949	0	0	566	https://luramt2-beta.mt-2.ro/?MA
3	114	3	1	84	29615913	29615844	29615921	29612769	29615844	29612766	222705	https://luramt2-beta.mt-2.ro/itemshop
3	2	0	0	4	29614448	0	29614448	29614448	0	29614448	4890	https://luramt2-beta.mt-2.ro/fleamarket?name=
3	534	0	0	2	29608668	0	29602111	29598688	0	29602111	9765019	https://luramt2-beta.mt-2.ro/css/all.css
3	1	0	0	0	29607266	0	0	29607266	0	0	6898	https://luramt2-beta.mt-2.ro/user/administration
3	156	1	0	2	29612035	0	29611932	29611865	0	29611927	104347	https://luramt2-beta.mt-2.ro/market
3	559	0	0	0	29616760	0	0	29615680	0	0	14419097	https://luramt2-beta.mt-2.ro/assets/css/app.css
3	22	1	0	19	29614458	0	29614456	29614453	0	29614453	70597	https://luramt2-beta.mt-2.ro/fleamarket?name=&bonus[]=MAX_HP&bonus[]=MAX_SP
3	38	2	2	1	29602110	29600525	29598692	29598706	29598728	29598692	527122	https://luramt2-beta.mt-2.ro/users/login
3	64	57	0	2	29612764	0	29610669	29602110	0	29610668	101584	https://luramt2-beta.mt-2.ro/?lang=en
3	2397	523	37	456	29616758	29616755	29616755	29597939	29606707	29597939	13239413	https://luramt2-beta.mt-2.ro/
3	51	1	1	1	29612017	29612017	29612016	29612014	29612017	29612016	37003	https://luramt2-beta.mt-2.ro/admin/auth-test
3	1	0	0	0	29612715	0	0	29612715	0	0	1256	https://luramt2-beta.mt-2.ro/verify-register?token=e2980cfb7686ce38f024b87737051d79b35b3c91e488e9c9844d99d63b3b81e3
3	88	15	0	10	29616575	0	29616575	29612478	0	29613015	142727	https://luramt2-beta.mt-2.ro/support
3	271	35	0	50	29613015	0	29612764	29610661	0	29610662	558388	https://luramt2-beta.mt-2.ro/?lang=ro
3	777	76	7	448	29615813	29614489	29614489	29613707	29613835	29613707	2171405	https://luramt2-beta.mt-2.ro/fleamarket
3	1	0	1	0	29612754	29612754	0	29612754	29612754	0	1149	https://luramt2-beta.mt-2.ro/resend-register-code
3	36	7	0	3	29616745	0	29616738	29616738	0	29616738	88068	https://luramt2-beta.mt-2.ro/?fleamarket_open=1&fleamarket_notice=sell_success
3	16	0	0	0	29602260	0	0	29598706	0	0	109035	https://luramt2-beta.mt-2.ro/ranking/players
3	2	1	0	0	29616648	0	0	29616648	0	0	3023	https://luramt2-beta.mt-2.ro/?selected_depot_item=1
3	94	69	0	5	29612478	0	29612472	29610661	0	29610671	133372	https://luramt2-beta.mt-2.ro/?lang=de
3	27	3	1	3	29616760	29616758	29616760	29616755	29616758	29616755	72115	https://luramt2-beta.mt-2.ro/?fleamarket_open=1&fleamarket_tab=offers&fleamarket_notice=listing_withdraw_started
3	1	0	0	2	29614483	0	29614483	29614483	0	29614483	5454	https://luramt2-beta.mt-2.ro/fleamarket?name=sabie
3	977	14	12	28	29615726	29612753	29615732	29611865	29611948	29611918	1024223	https://luramt2-beta.mt-2.ro/register
3	329	8	6	136	29615884	29612930	29615880	29612568	29612568	29612571	33567171	https://luramt2-beta.mt-2.ro/account
3	2	1	1	0	29598731	29598731	0	29598731	29598731	0	13678	https://luramt2-beta.mt-2.ro/admin/download
3	0	0	0	1	0	0	29602110	0	0	29602110	0	https://luramt2-beta.mt-2.ro/js/featherlight.js
3	2	0	0	0	29606709	0	0	29606709	0	0	104621	https://luramt2-beta.mt-2.ro/admin/createitems
3	2	0	1	0	29612730	29612730	0	29612730	29612730	0	1149	https://luramt2-beta.mt-2.ro/verify-register?token=ada3def7f7de9a959904a2e9ab249f1921b83da8443bff65d68b4c65ab46d2dd
3	9	0	0	4	29612776	0	29612775	29612769	0	29612769	13648	https://luramt2-beta.mt-2.ro/itemshop?category=costume
3	905	2	1	2	29612011	29612009	29612010	29611954	29612009	29612009	623850	https://luramt2-beta.mt-2.ro/admin/db-test
3	2	0	0	0	29607282	0	0	29607282	0	0	15423	https://luramt2-beta.mt-2.ro/admin/player/edit/8
3	19	0	6	18	29612788	29612788	29612788	29612776	29612781	29612776	32767	https://luramt2-beta.mt-2.ro/itemshop/product?slug=elixirul-curajului
3	11	0	0	0	29607265	0	0	29598728	0	0	878533	https://luramt2-beta.mt-2.ro/css/font-awesome.min.css
3	1	0	0	0	29612753	0	0	29612753	0	0	1349	https://luramt2-beta.mt-2.ro/verify-register?token=b34243d2818a8f3a465b9a40bf98f75922055587c818de2b6d551534ee4cdaf2
3	16	0	0	26	29612776	0	29612776	29612769	0	29612769	27645	https://luramt2-beta.mt-2.ro/itemshop?category=consumabile
3	7	0	0	0	29607266	0	0	29607266	0	0	33330	https://luramt2-beta.mt-2.ro/admin/player/edit/2
3	3	0	0	0	29607285	0	0	29607281	0	0	23033	https://luramt2-beta.mt-2.ro/admin/player/edit/1
4	0	0	0	1	0	0	29598868	0	0	29598868	0	Mozilla/5.0 (Windows NT 10.0; Win64; x64; rv:105.0) Gecko/20100101 Firefox/105.0
4	1	1	0	0	29598121	0	0	29598121	0	0	699	Mozilla/5.0 (iPhone; CPU iPhone OS 18_7 like Mac OS X) AppleWebKit/605.1.15 (KHTML, like Gecko) Version/26.3 Mobile/15E148 Safari/604.1
4	1	1	0	0	29598130	0	0	29598130	0	0	0	Mozilla/5.0 (Windows NT 10.0; Win64; x64) AppleWebKit/537.36 (KHTML, like Gecko) Chrome/58.0.3029.110 Safari/537.3
4	0	0	0	10	0	0	29599219	0	0	29599219	0	Go-http-client/2.0
4	8	8	0	0	29612466	0	0	29598069	0	0	42864	Mozilla/5.0 (X11; Linux i686; rv:109.0) Gecko/20100101 Firefox/120.0
4	1	1	0	0	29597938	0	0	29597938	0	0	561	Mozilla/5.0 (Macintosh; Intel Mac OS X 10_15_7) AppleWebKit/537.36 (KHTML, like Gecko) Chrome/116.0.0.0 Safari/537.36
4	4	2	0	0	29603037	0	0	29600148	0	0	20740	Mozilla/5.0 (X11; Linux x86_64; rv:142.0) Gecko/20100101 Firefox/142.0
4	1	1	0	1	29609145	0	29609145	29609145	0	29609145	8239	Mozilla/5.0 (compatible; CensysInspect/1.1; +https://about.censys.io/)
4	408	20	3	49	29602260	29598732	29598703	29598473	29598728	29598473	6228191	Mozilla/5.0 (Windows NT 10.0; Win64; x64) AppleWebKit/537.36 (KHTML, like Gecko) Chrome/146.0.0.0 Safari/537.36
4	1	1	0	1	29598062	0	29598062	29598062	0	29598062	561	Mozilla/5.0 AppleWebKit/537.36 (KHTML, like Gecko; compatible; ClaudeBot/1.0; +claudebot@anthropic.com)
4	0	0	0	1	0	0	29597937	0	0	29597937	0	Go-http-client/1.1
4	0	0	0	8	0	0	29602105	0	0	29597949	0	Mozilla/5.0 (Macintosh; Intel Mac OS X 10_15_7) AppleWebKit/537.36 (KHTML, like Gecko) Chrome/131.0.0.0 Safari/537.36; compatible; OAI-SearchBot/1.3; robots.txt; +https://openai.com/searchbot
4	0	0	0	1	0	0	29598364	0	0	29598364	0	Mozilla/5.0 (Macintosh; Intel Mac OS X 10.10; rv:78.0) Gecko/20100101 Firefox/78.0
4	2	0	0	12	29616539	0	29613902	29615252	0	29599350	2704	Mozilla/5.0 (Macintosh; Intel Mac OS X 10_15_7) AppleWebKit/537.36 (KHTML, like Gecko) Chrome/131.0.0.0 Safari/537.36; compatible; OAI-SearchBot/1.0; +https://openai.com/searchbot
4	1	1	0	0	29597999	0	0	29597999	0	0	699	Scrapy/2.13.4 (+https://scrapy.org)
4	0	0	0	1	0	0	29599215	0	0	29599215	0	Mozilla/5.0 (Macintosh; Intel Mac OS X 10_15_7) AppleWebKit/537.36 (KHTML, like Gecko) Chrome/131.0.0.0 Safari/537.36
4	206	10	0	4	29602113	0	29602111	29597949	0	29597949	3090518	Mozilla/5.0 AppleWebKit/537.36 (KHTML, like Gecko; compatible; GPTBot/1.3; +https://openai.com/gptbot)
4	52	2	0	0	29600748	0	0	29600748	0	0	752691	Mozilla/5.0 (Windows NT 10.0; Win64; x64) AppleWebKit/537.36 (KHTML, like Gecko) Chrome/145.0.0.0 Safari/537.36 OPR/129.0.0.0
4	2	2	0	0	29600547	0	0	29598790	0	0	65090	Mozilla/5.0 (compatible; Discordbot/2.0; +https://discordapp.com)
4	22	22	0	0	29599219	0	0	29599219	0	0	719136	Mozilla/5.0 (compatible; VertexWP/1.0; +https://vertexwp.com/bot)
4	14	7	0	1	29610774	0	29610684	29610684	0	29610684	32304	Mozilla/5.0 (iPhone; CPU iPhone OS 18_7_7 like Mac OS X) AppleWebKit/605.1.15 (KHTML, like Gecko) CriOS/147.0.7727.47 Mobile/15E148 Safari/604.1
4	10	2	0	2	29597939	0	29597939	29597939	0	29597939	9046	Mozilla/5.0 (iPhone; CPU iPhone OS 26_3 like Mac OS X) AppleWebKit/605.1.15 (KHTML, like Gecko) CriOS/144.0.7559.95 Mobile/15E148 Safari/604.1
4	1	1	0	0	29598013	0	0	29598013	0	0	561	Mozilla/5.0 (Macintosh; Intel Mac OS X 10_15_7) AppleWebKit/537.36 (KHTML, like Gecko) Chrome/122.0.0.0 Safari/537.36
4	1	1	0	0	29597969	0	0	29597969	0	0	1372	Mozilla/5.0 (X11; Ubuntu; Linux x86_64; rv:134.0) Gecko/20100101 Firefox/134.0
4	0	0	0	26	0	0	29611346	0	0	29611345	0	Mozilla/5.0 (Windows NT 10.0; Win64; x64) AppleWebKit/537.36
4	47	3	0	0	29612567	0	0	29598168	0	0	702799	Mozilla/5.0 (Macintosh; Intel Mac OS X 10_15_7) AppleWebKit/537.36 (KHTML, like Gecko) Chrome/119.0.0.0 Safari/537.36
4	1	1	0	0	29611345	0	0	29611345	0	0	3922	Mozilla/5.0 (X11; Linux x86_64) AppleWebKit/537.36 (KHTML, like Gecko) Chrome/118.0.0.0 Safari/537.36
4	7	3	0	8	29601977	0	29597984	29597938	0	29597938	12837	Mozilla/5.0 (Macintosh; Intel Mac OS X 10_15_7) AppleWebKit/537.36 (KHTML, like Gecko) Chrome/117.0.0.0 Safari/537.36
4	2	2	0	0	29597984	0	0	29597938	0	0	1122	Mozilla/5.0 (Windows NT 10.0; Win64; x64) AppleWebKit/537.36 (KHTML, like Gecko) Chrome/117.0.0.0 Safari/537.36
4	5	1	0	1	29598247	0	29598247	29598247	0	29598247	4523	Mozilla/5.0 (Linux; Android 8.0.0; SM-G965U Build/R16NW) AppleWebKit/537.36 (KHTML, like Gecko) Chrome/146.0.7680.177 Mobile Safari/537.36
4	8	3	0	11	29601977	0	29601977	29597984	0	29601977	68121	Mozilla/5.0 (X11; Linux x86_64) AppleWebKit/537.36 (KHTML, like Gecko) Chrome/116.0.0.0 Safari/537.36
4	39	1	0	0	29599705	0	0	29599705	0	0	694429	Mozilla/5.0 (iPhone; CPU iPhone OS 18_7 like Mac OS X) AppleWebKit/605.1.15 (KHTML, like Gecko) Version/26.4 Mobile/15E148 Safari/604.1
4	44	2	0	0	29598972	0	0	29598791	0	0	721978	Mozilla/5.0 (Windows NT 10.0; Win64; x64) AppleWebKit/537.36 (KHTML, like Gecko) Chrome/145.0.0.0 Safari/537.36 OPR/129.0.0.0 (Edition std-2)
4	5	1	0	1	29598219	0	29598219	29598219	0	29598219	4523	Mozilla/5.0 (iPhone; CPU iPhone OS 14_6 like Mac OS X) AppleWebKit/605.1.15 (KHTML, like Gecko) Version/14.0.3 Mobile/15E148 Safari/604.1
4	10446	2078	222	1728	29616760	29616758	29616760	29600322	29600525	29610468	72988434	Mozilla/5.0 (Windows NT 10.0; Win64; x64) AppleWebKit/537.36 (KHTML, like Gecko) Chrome/147.0.0.0 Safari/537.36
4	1	1	0	0	29598069	0	0	29598069	0	0	699	Mozilla/5.0 (iPhone; CPU iPhone OS 26_3_1 like Mac OS X) AppleWebKit/605.1.15 (KHTML, like Gecko) CriOS/146.0.7680.151 Mobile/15E148 Safari/604.1
4	51	1	0	0	29600063	0	0	29599132	0	0	918407	Mozilla/5.0 (Windows NT 10.0; Win64; x64) AppleWebKit/537.36 (KHTML, like Gecko) Chrome/145.0.0.0 Safari/537.36
4	1	1	0	0	29597938	0	0	29597938	0	0	699	Mozilla/5.0 (Windows NT 10.0; Win64; x64) AppleWebKit/537.36 (KHTML, like Gecko) Chrome/143.0.0.0 Safari/537.36
4	10	2	0	2	29598247	0	29598247	29598219	0	29598219	9046	Mozilla/5.0 (Macintosh; Intel Mac OS X 10_15_7) AppleWebKit/537.36 (KHTML, like Gecko) Chrome/146.0.7680.177 Safari/537.36
4	1	1	0	1	29598922	0	29598922	29598922	0	29598922	8174	Mozilla/5.0 (Linux; Android 10; K) AppleWebKit/537.36 (KHTML, like Gecko) Chrome/142.0.0.0 Mobile Safari/537.36
5	0	0	0	6	0	0	29602105	0	0	29601255	0	74.7.228.52
5	52	2	0	0	29600748	0	0	29600748	0	0	752691	213.225.6.204
5	1	1	0	0	29599684	0	0	29599684	0	0	8110	23.27.145.217
5	44	2	0	0	29598972	0	0	29598791	0	0	721978	95.91.233.28
5	22	22	0	10	29599219	0	29599219	29599219	0	29599219	719136	62.171.188.7
5	42	1	0	0	29608668	0	0	29608668	0	0	708323	77.119.184.237
5	1	1	0	0	29606053	0	0	29606053	0	0	33222	192.175.111.240
5	1	1	0	26	29611345	0	29611346	29611345	0	29611345	3922	34.101.247.30
5	1	1	0	0	29597999	0	0	29597999	0	0	699	35.204.166.221
5	39	1	0	0	29599705	0	0	29599705	0	0	694429	104.28.89.79
5	1	1	0	0	29597984	0	0	29597984	0	0	561	107.172.195.157
5	10716	2098	223	1774	29616760	29616758	29616760	29598545	29598728	29598545	77085802	77.119.177.156
5	1	1	0	0	29608321	0	0	29608321	0	0	8154	23.27.145.189
5	48	1	0	0	29601902	0	0	29601901	0	0	738507	84.67.226.60
5	10	2	0	2	29598219	0	29598219	29598219	0	29598219	9046	44.249.90.153
5	4	2	0	4	29597938	0	29597938	29597938	0	29597938	3581	103.4.251.240
5	2	1	0	0	29603037	0	0	29603037	0	0	10391	138.197.160.73
5	5	1	0	1	29598473	0	29598473	29598473	0	29598473	4523	82.79.153.172
5	0	0	0	1	0	0	29598364	0	0	29598364	0	3.88.234.125
5	1	1	0	0	29598790	0	0	29598790	0	0	32402	35.196.132.85
5	52	2	0	0	29601347	0	0	29600571	0	0	753214	79.115.34.37
5	1	1	0	0	29608148	0	0	29608148	0	0	0	23.27.145.164
5	0	0	0	1	0	0	29598868	0	0	29598868	0	3.86.246.1
5	1	1	0	0	29598069	0	0	29598069	0	0	699	149.57.180.92
5	1	1	0	0	29597938	0	0	29597938	0	0	561	104.164.173.120
5	1	1	0	0	29603830	0	0	29603830	0	0	8152	23.27.145.157
5	1	1	0	0	29598130	0	0	29598130	0	0	0	143.244.47.83
5	1	1	0	1	29598922	0	29598922	29598922	0	29598922	8174	133.242.174.119
5	1	1	0	0	29598013	0	0	29598013	0	0	561	198.13.158.153
5	4	1	2	3	29614301	29614301	29614303	29614301	29614301	29614301	6059	77.119.28.44
5	5	1	0	0	29598168	0	0	29598168	0	0	4523	149.57.180.80
5	0	0	0	1	0	0	29599215	0	0	29599215	0	157.230.15.225
5	1	1	0	0	29597969	0	0	29597969	0	0	1372	91.231.89.16
5	1	1	0	0	29597938	0	0	29597938	0	0	699	191.101.126.191
5	1	1	0	1	29609145	0	29609145	29609145	0	29609145	8239	199.45.154.153
5	1	1	0	0	29599512	0	0	29599512	0	0	8113	23.27.145.130
5	1	1	0	0	29612466	0	0	29612466	0	0	1470	149.57.180.59
5	2	2	0	0	29598121	0	0	29598069	0	0	1398	195.164.49.144
5	11	7	0	1	29597949	0	29597949	29597949	0	29597949	7903	74.7.242.54
5	7	2	0	11	29601977	0	29601977	29601977	0	29601977	67559	107.172.195.234
5	10	2	0	2	29598247	0	29598247	29598247	0	29598247	9046	34.217.136.19
5	1	0	0	1	29615252	0	29604429	29615252	0	29604429	362	104.210.140.143
5	195	3	0	3	29602113	0	29602111	29602105	0	29602110	3082615	74.7.242.45
5	1	0	0	1	29616539	0	29607078	29616539	0	29607078	2342	104.210.140.140
5	0	0	0	1	0	0	29613902	0	0	29613902	0	104.210.140.138
5	5	1	0	1	29597939	0	29597939	29597939	0	29597939	4523	213.188.83.141
5	0	0	0	1	0	0	29605745	0	0	29605745	0	104.210.140.136
5	0	0	0	1	0	0	29603198	0	0	29603198	0	104.210.140.135
5	1	1	0	0	29601977	0	0	29601977	0	0	6798	154.28.229.40
5	5	1	0	1	29597939	0	29597939	29597939	0	29597939	4523	103.196.9.80
5	0	0	0	1	0	0	29600605	0	0	29600605	0	104.210.140.134
5	0	0	0	2	0	0	29601945	0	0	29599350	0	104.210.140.133
5	0	0	0	2	0	0	29609763	0	0	29608507	0	104.210.140.132
5	1	1	0	2	29598062	0	29598062	29598062	0	29598062	561	216.73.216.122
5	0	0	0	2	0	0	29611123	0	0	29611122	0	104.210.140.129
5	5	5	0	1	29611145	0	29614025	29598180	0	29614025	0	81.180.202.3
5	1	1	0	0	29604003	0	0	29604003	0	0	8166	23.27.145.79
5	51	1	0	0	29606326	0	0	29606306	0	0	837686	5.12.37.15
5	3	1	0	0	29612567	0	0	29612567	0	0	3796	149.57.180.147
5	0	0	0	1	0	0	29597937	0	0	29597937	0	45.132.194.18
5	0	0	0	2	0	0	29598759	0	0	29597949	0	74.7.244.1
5	2	1	0	0	29600148	0	0	29600148	0	0	10349	137.184.118.154
5	1	1	0	0	29600547	0	0	29600547	0	0	32688	35.227.62.178
5	39	1	0	0	29599607	0	0	29599607	0	0	694480	149.57.180.132
5	4	2	0	4	29597984	0	29597984	29597984	0	29597984	3581	104.164.173.6
z	0	248	11	29616700	0
z	2	379	16	29616735	13146
z	3	3247	954	29616730	2203531
z	4	6613	1183	29616760	16339909
z	5	821	25	29616760	24135963
z	6	100	0	29612958	37551920
z	7	1	0	29610468	6871220
c	200	11189	29616760
c	302	225	29616758
c	304	220	29616700
c	403	104	29612080
c	404	1586	29616760
c	500	182	29615735
